7.195488341480533734e+01
1.573921050035530511e-01
1.550732452181529872e-02
3.034555585519370813e-03
8.034323816038404066e-04
2.479479951563961886e-04
8.340353124073156808e-05
2.960372823069271552e-05
1.086061728891649629e-05
4.067875613775203701e-06
1.543942789162261071e-06
5.911447335373675498e-07
2.276886029828003978e-07
8.806429103072455555e-08
3.416315502297538425e-08
1.328215164705406800e-08
5.172332510021631475e-09
2.016677904358099348e-09
7.870520269657048843e-10
3.073825262395560034e-10
1.201150881604250908e-10
4.696039272256746695e-11
