8.742494831406165190e+01
6.821378492742431465e-01
3.123944634648173624e-01
1.806061790848873250e-01
1.287743487645853224e-01
9.465559596004345655e-02
8.050351375199804593e-02
6.877123155236437857e-02
6.454314543078244759e-02
5.955869387554417471e-02
5.888492729398660946e-02
5.695196167994275721e-02
5.833124860509369264e-02
5.852561448403070105e-02
6.142496719706882352e-02
6.336817951800464976e-02
6.747073817950312302e-02
7.090775478269600862e-02
7.602890930131114833e-02
8.079663788463177510e-02
8.687434564420591643e-02
9.290322986618258783e-02
9.997510365367695551e-02
1.072730531738652765e-01
1.154518003198986981e-01
1.240812882280075691e-01
1.335378518792557367e-01
1.435942511551435707e-01
1.545487975512015721e-01
1.661408245675506379e-01
