7.801165944618351489e+01
5.898863591204002166e-01
2.414515854038603859e-01
1.567251634694919460e-01
1.440582185157773532e-01
1.214632529524905524e-01
1.268260215575560956e-01
1.157961190103701521e-01
1.290926562717894799e-01
1.228765803413871815e-01
1.419260972762972361e-01
1.376276365351977449e-01
1.621637863270964652e-01
1.579222053067066422e-01
1.887070086601176921e-01
1.829058784243645930e-01
2.213600659832774820e-01
2.122643786491278661e-01
2.602757242766762791e-01
2.458515626655595476e-01
3.056208433241565658e-01
2.834841585080098980e-01
3.573197552099954821e-01
3.248186432307357263e-01
4.148397170319160221e-01
3.692812379310386195e-01
4.770531674046058490e-01
4.160473663121944665e-01
5.422449764514781778e-01
4.640736547567322900e-01
